cities = ["A", "B", "C", "D", "E", "F"] 

distance_matrix = [ [0, 12, 10, 19, 8, 14],
                    [12, 0, 3, 7, 2, 11],
                    [10, 3, 0, 6, 20, 4],
                    [19, 7, 6, 0, 13, 9], 
                    [8, 2, 20, 13, 0, 16], 
                    [14, 11, 4, 9, 16, 0] ]

cities2 = ["A", "B", "C", "D", "E", "F", "G", "H", "I"]

distance_matrix2 = [
    [0, 12, 10, 19, 8, 14, 11, 7, 15],
    [12, 0, 3, 7, 2, 11, 9, 6, 10],
    [10, 3, 0, 6, 20, 4, 8, 12, 5],
    [19, 7, 6, 0, 13, 9, 10, 15, 8],
    [8, 2, 20, 13, 0, 16, 7, 11, 14],
    [14, 11, 4, 9, 16, 0, 12, 8, 10],
    [11, 9, 8, 10, 7, 12, 0, 5, 13],
    [7, 6, 12, 15, 11, 8, 5, 0, 9],
    [15, 10, 5, 8, 14, 10, 13, 9, 0]
]

cities3 = ['A', 'B', 'C', 'D', 'E', 'F', 'G', 'H', 'I', 'J', 'K', 'L']

distance_matrix3 = [
    [0, 8, 19, 15, 6, 10, 7, 11, 5, 16, 3, 13],
    [8, 0, 17, 5, 10, 6, 19, 9, 14, 18, 7, 16],
    [19, 17, 0, 19, 8, 12, 5, 10, 20, 9, 16, 4],
    [15, 5, 19, 0, 12, 3, 10, 7, 11, 8, 20, 5],
    [6, 10, 8, 12, 0, 14, 20, 18, 7, 16, 4, 11],
    [10, 6, 12, 3, 14, 0, 9, 11, 14, 19, 7, 5],
    [7, 19, 5, 10, 20, 9, 0, 20, 7, 11, 4, 9],
    [11, 9, 10, 7, 18, 11, 20, 0, 12, 19, 6, 10],
    [5, 14, 20, 11, 7, 14, 7, 12, 0, 12, 20, 10],
    [16, 18, 9, 8, 16, 19, 11, 19, 12, 0, 9, 4],
    [3, 7, 16, 20, 4, 7, 4, 6, 20, 9, 0, 5],
    [13, 16, 4, 5, 11, 5, 9, 10, 10, 4, 5, 0]
]