cities = ["A", "B", "C", "D", "E", "F"] 

distance_matrix = [ [0, 12, 10, 19, 8, 14],
                    [12, 0, 3, 7, 2, 11],
                    [10, 3, 0, 6, 20, 4],
                    [19, 7, 6, 0, 13, 9], 
                    [8, 2, 20, 13, 0, 16], 
                    [14, 11, 4, 9, 16, 0] ]

cities2 = ["A", "B", "C", "D", "E", "F", "G", "H", "I"]

distance_matrix2 = [
    [0, 12, 10, 19, 8, 14, 11, 7, 15],
    [12, 0, 3, 7, 2, 11, 9, 6, 10],
    [10, 3, 0, 6, 20, 4, 8, 12, 5],
    [19, 7, 6, 0, 13, 9, 10, 15, 8],
    [8, 2, 20, 13, 0, 16, 7, 11, 14],
    [14, 11, 4, 9, 16, 0, 12, 8, 10],
    [11, 9, 8, 10, 7, 12, 0, 5, 13],
    [7, 6, 12, 15, 11, 8, 5, 0, 9],
    [15, 10, 5, 8, 14, 10, 13, 9, 0]
]